3
37
26
34
13
14
8
3
7
6
45
6
14
6
41
22
32
32
3
9
6
3
6
3
16
6
3
24
3
22
22
6
3
45
32
6
23
46
3
32
3
41
12
3
49
8
7
37
20
46
17
24
45
38
3
33
10
29
43
6
28
6
3
16
48
22
37
18
24
31
24
3
18
16
19
3
3
3
3
24
39
6
11
7
30
32
3
45
3
40
3
6
50
3
3
35
6
31
12
49
6
3
45
6
25
24
3
6
41
8
3
6
31
28
30
19
6
3
39
3
3
20
26
3
13
16
32
6
3
3
6
8
7
3
6
25
14
34
3
3
3
16
3
24
6
7
18
3
24
24
8
18
3
3
3
9
43
6
22
3
30
13
24
3
28
35
3
13
6
18
3
3
6
34
18
3
18
3
3
3
6
3
48
20
48
10
24
3
3
3
35
20
3
3
6
3
6
20
3
8
39
24
6
8
50
3
26
18
6
24
37
3
3
32
18
31
39
33
35
21
30
6
45
38
43
32
33
12
3
3
38
3
22
3
31
3
30
3
3
6
3
9
6
6
3
40
3
6
12
40
32
28
3
19
3
3
16
46
9
27
6
6
3
24
31
6
16
3
45
3
3
25
40
9
8
35
6
6
6
3
31
34
37
8
6
35
49
38
36
39
33
3
14
49
42
3
18
3
6
3
27
25
3
3
3
3
50
6
6
47
3
3
25
3
43
3
6
9
16
3
24
44
10
24
44
10
6
6
3
6
3
3
33
3
3
3
3
8
13
47
3
36
50
26
3
3
41
3
3
24
40
24
6
3
9
6
3
25
3
13
3
23
28
3
31
3
20
29
3
31
8
46
48
42
6
41
3
6
3
9
14
3
6
33
3
3
10
3
6
6
16
12
7
14
35
3
7
16
39
6
10
48
3
30
3
24
25
6
31
6
3
6
3
6
20
3
14
6
48
35
6
25
3
3
6
43
14
3
18
3
3
13
6
42
10
36
6
18
6
3
23
3
3
6
3
3
36
17
24
34
50
3
3
11
6
23
12
50
6
30
42
18
49
3
30
30
46
35
3
3
48
20
22
7
6
9
6
6
32
3
9
3
6
6
10
29
48
6
26
3
3
16
3
30
10
11
32
6
3
3
30
9
37
26
8
6
3
3
3
27
3
21
6
42
3
30
31
6
6
3
30
29
3
6
7
10
46
47
26
3
7
11
3
15
3
11
6
16
6
3
34
39
3
29
40
3
3
27
3
3
3
8
3
28
6
14
6
3
6
32
3
46
3
6
3
3
6
3
30
36
3
42
3
3
3
7
33
6
3
36
3
12
6
19
3
33
3
38
3
3
3
28
3
39
8
3
6
26
6
3
3
42
3
3
16
22
31
