4
38
27
35
14
15
9
61
4
8
7
46
7
15
7
42
23
33
33
4
10
7
4
7
4
17
7
4
25
4
55
23
23
7
58
4
46
33
7
24
58
47
4
33
4
42
13
4
50
74
9
8
38
21
52
47
18
25
46
39
4
34
11
30
44
7
29
64
7
4
17
49
23
38
19
25
32
25
60
4
19
17
20
4
4
4
4
25
40
7
12
8
31
33
4
46
4
41
4
116
7
51
4
4
58
36
60
7
32
13
50
58
7
4
46
7
26
25
4
7
42
9
4
7
32
29
31
20
7
4
40
4
4
21
27
4
14
17
33
7
4
4
7
9
8
4
7
26
15
35
4
4
4
17
4
25
7
8
59
19
4
25
25
9
19
4
4
4
10
44
7
23
4
70
31
14
25
4
29
36
4
14
7
19
4
4
7
35
19
4
19
4
4
4
7
4
49
74
21
49
11
25
4
4
4
36
21
4
4
7
4
7
21
4
9
40
25
7
9
51
4
95
27
71
19
7
25
38
4
59
4
33
19
32
40
34
36
22
31
7
46
39
44
33
34
13
4
4
39
4
129
23
4
32
4
31
4
4
7
4
10
7
7
4
41
4
7
13
41
33
29
4
20
4
75
4
17
47
10
28
7
7
4
25
32
7
17
4
46
4
4
26
41
10
9
36
7
7
99
7
4
32
35
38
9
7
36
61
50
39
37
40
34
4
15
52
50
43
4
19
4
7
4
28
26
4
54
4
4
4
52
51
7
7
48
55
4
4
26
4
44
4
7
10
17
59
4
25
45
11
25
45
11
7
7
4
54
7
4
4
34
59
4
4
4
4
9
14
48
4
37
51
53
27
4
4
42
4
4
25
41
25
53
7
4
10
7
4
26
4
14
4
24
29
4
32
4
21
30
57
4
32
9
47
49
43
7
58
42
4
7
4
10
15
4
7
34
4
4
11
52
4
7
7
67
17
13
8
15
36
4
8
17
69
40
7
11
49
4
31
4
25
26
7
32
7
4
7
4
7
21
4
67
15
7
49
36
7
26
4
4
7
44
15
4
19
4
4
14
7
43
11
37
7
19
7
4
24
4
4
7
74
4
4
37
18
25
35
51
4
4
12
7
24
13
51
7
31
43
19
50
4
52
31
31
47
36
4
77
4
49
21
23
8
61
7
10
119
7
7
33
4
10
94
4
7
7
11
30
49
7
27
4
4
17
4
31
11
12
33
7
4
4
31
10
38
27
9
7
4
4
4
28
4
22
7
43
4
31
32
7
7
4
31
53
30
4
7
8
11
47
48
27
4
8
12
4
16
4
12
7
17
7
4
35
40
4
30
41
4
4
28
4
4
4
78
9
4
59
29
7
15
7
4
7
33
4
47
4
7
4
4
7
4
31
37
4
43
4
4
4
8
34
7
4
37
4
13
7
20
4
34
4
39
4
4
4
29
4
40
9
4
7
27
7
119
4
4
43
4
4
17
23
32
