1  0
2  0
3  186
4  0
5  0
6  93
7  11
8  14
9  11
10  10
11  5
12  7
13  7
14  9
15  1
16  13
17  2
18  13
19  4
20  8
21  2
22  8
23  4
24  20
25  8
26  8
27  4
28  7
29  5
30  14
31  12
32  12
33  8
34  6
35  9
36  6
37  6
38  5
39  8
40  6
41  5
42  7
43  5
44  2
45  7
46  7
47  3
48  8
49  5
50  6
51  5
52  3
53  2
54  2
55  0
56  1
57  5
58  5
59  2
60  3
61  0
62  0
63  1
64  0
65  0
66  2
67  0
68  1
69  1
70  1
71  0
72  0
73  3
74  1
75  0
76  1
77  1
78  0
79  0
80  0
81  0
82  0
83  0
84  0
85  0
86  0
87  0
88  0
89  0
90  0
91  0
92  0
93  1
94  1
95  0
96  0
97  0
98  1
99  0
100  0
101  0
102  0
103  0
104  0
105  0
106  0
107  0
108  0
109  0
110  0
111  0
112  0
113  0
114  0
115  1
116  0
117  0
118  2
119  0
120  0
121  0
122  0
123  0
124  0
125  0
126  0
127  0
128  1
